us=[
3.85
3.75
3.70
3.70
3.60
3.60
3.60
3.80
3.80
3.85
3.90
3.90
3.70
3.75
3.75
3.80
3.70
3.80
3.70
3.80
3.80
3.75
3.70
3.55
3.60
3.65
3.70
3.75
3.80
3.70
];
other=[
3.80
4.00
4.30
3.70
3.85
3.80
3.75
3.85
3.65
4.00
4.10
4.00
4.10
4.20
4.10
4.10
4.20
4.30
4.10
3.75
3.75
3.65
3.90
3.65
4.10
4.25
3.65
3.75
3.85
4.25
];
ad=[
5.50
6.75
7.25
5.50
7.00
6.50
6.75
5.25
5.25
6.00
6.50
6.25
7.00
6.90
6.80
6.80
7.10
7.00
6.80
6.50
6.25
6.00
6.50
7.00
6.80
6.80
6.50
5.75
5.80
6.80
];

Abs=[
-0.05
0.25
0.60
0.00
0.25
0.20
0.15
0.05
-0.15
0.15
0.20
0.10
0.40
0.45
0.35
0.30
0.50
0.50
0.40
-0.05
-0.05
-0.10
0.20
0.10
0.50
0.60
-0.05
0.00
0.05
0.55
]

sale=[
7.38
8.51
9.52
7.50
9.33
8.28
8.75
7.87
7.10
8.00
7.89
8.15
9.10
8.86
8.90
8.87
9.26
9.00
8.75
7.95
7.65
7.27
8.00
8.50
8.75
9.21
8.27
7.67
7.93
9.26
]